1000
0	711.5122364	-3.145706788e-15
1	-72.08088511	0.003456512934
2	-17.96093301	118.8998655
3	-8.329068886	-0.4386375324
4	-4.259652941	0.321885708
5	-2.88388862	47.03078136
6	-1.993513584	0.4082076344
7	-1.406231136	-0.08981827205
8	-1.450167481	-0.03537046143
9	-0.6401991263	-0.08124745507
10	-0.7211500786	2.027033517e-09
11	-0.5903222627	0.00185552333
12	-0.4285699863	0.3244109104
13	-0.7600873017	-0.458712849
14	-0.1108819882	0.3500083386
15	-0.3206429893	-0.4391361372
16	-0.2824202698	0.4450609972
17	-0.1653501694	-0.1160812384
18	-0.5720230176	-0.02147952247
19	0.06861187041	-0.08725655362
20	-0.1804655741	7.853681245e-10
21	-0.1744604703	-0.003493143798
22	-0.04567797689	0.3535105023
23	-0.5105455985	-0.514807793
24	0.1605783594	0.426933217
25	-0.1155835196	-0.5335238198
26	-0.1339613156	0.5397351418
27	0.03493684957	-0.1845246661
28	-0.504705695	0.0154872219
29	0.227085098	-0.1017140223
30	-0.0803390213	1.381894724e-08
31	-0.1296291513	-0.01766737147
32	0.1145856389	0.4237036395
33	-0.5422252337	-0.6548660389
34	0.2953383305	0.6293206384
35	-0.05908777694	-0.7861527614
36	-0.1603616709	0.7987544509
37	0.2277566551	-0.3862874792
38	-0.6436200755	0.1330540591
39	0.3961351646	-0.1441897257
40	-0.04529497494	4.568542408e-10
41	-0.2590625748	-0.07016272346
42	0.4624691476	0.6712011571
43	-0.9190441421	-1.210963893
44	0.6331677229	1.563488922
45	-0.03583876032	-2.115794346
46	-0.6545576485	2.416450778
47	1.46018221	-2.055014835
48	-2.623439862	1.564840868
49	3.109433151	-1.020149389
50	-3.19135252	-4.164401913e-09
51	3.056977228	1.002355292
52	-2.531109649	-1.490821679
53	1.367150376	1.917373324
54	-0.5780893512	-2.243287736
55	-0.0240704244	1.920640332
56	0.6047900456	-1.381962292
57	-0.8265186464	1.106736571
58	0.3688859785	-0.6308145153
59	-0.1567945413	0.0441389745
60	-0.0202642224	3.148916083e-09
61	0.3938448862	0.1343406418
62	-0.5487696195	-0.02311441419
63	0.1350667304	0.2112324504
64	-0.02822500503	-0.6306615786
65	-0.01730218962	0.5868721062
66	0.323756195	-0.4350366473
67	-0.4409500108	0.5844822089
68	0.02638954823	-0.4191471357
69	0.03994172593	-0.01797559298
70	-0.01495199102	1.905896972e-08
71	0.2951467863	0.1006235106
72	-0.3890871836	0.137679296
73	-0.04082971672	-0.03724754212
74	0.08702501507	-0.374218921
75	-0.01305605919	0.325461335
76	0.2857149078	-0.2136478143
77	-0.3641135091	0.484093402
78	-0.09099842591	-0.3928214496
79	0.1259024087	-0.04473941994
80	-0.01150446	-3.823360618e-09
81	0.2882975361	0.09732178621
82	-0.3558321652	0.2330103221
83	-0.1344750099	-0.1703546271
84	0.1627551579	-0.2805801767
85	-0.01021862384	0.2163988411
86	0.3007258026	-0.1080024238
87	-0.3606015957	0.4828847331
88	-0.1772906714	-0.4261933617
89	0.2018655424	-0.06862556134
91	0.32340667	0.1079881649
92	-0.37815069	0.3362744029
93	-0.2244697841	-0.2971516229
94	0.2475881389	-0.2454191198
95	-0.008229408276	0.157643092
96	0.3590706981	-0.03396785552
97	-0.4111046469	0.5549586389
98	-0.2820659207	-0.5226399048
99	0.3060458328	-0.1019088403
101	0.4139694309	0.1368816922
102	-0.466333466	0.5012445704
103	-0.3599054468	-0.4856810383
104	0.3881348358	-0.2527884184
105	-0.006781314757	0.1214653081
106	0.5017959931	0.04659203363
107	-0.5597542814	0.7614350157
108	-0.478113756	-0.7624624978
109	0.5175668672	-0.1702181133
111	0.6564865406	0.2152855133
112	-0.7329453787	0.8969491529
113	-0.6892928924	-0.9406246547
114	0.7604492441	-0.3482725205
115	-0.005694628555	0.09725998348
116	0.9880413267	0.2275712945
117	-1.132630743	1.551348497
118	-1.19519553	-1.729105873
119	1.40240646	-0.4574028606
121	2.157398495	0.7026604902
122	-2.885790631	3.880248792
123	-4.212511084	-5.791129071
124	8.438207754	-2.824938799
125	-0.004858509732	9.566947641
126	-8.395750294	-2.805066972
127	4.152527428	-5.72195275
128	2.818844319	3.810272471
129	-2.110652084	0.6843051741
131	-1.364301846	-0.4418438479
132	1.142121635	-1.648910664
133	1.058446682	1.462774459
134	-0.9369329976	0.2344790613
135	-0.004201579881	0.06745232706
136	-0.7269033957	-0.3012085924
137	0.6433032449	-0.8910565049
138	0.6510105355	0.8372993399
139	-0.6007986765	0.1939188809
141	-0.4889465736	-0.1576099879
142	0.4396377498	-0.6708094598
143	0.4692783963	0.6510986737
144	-0.4411437551	0.08347048939
145	-0.003676183681	0.05779677662
146	-0.3650036673	-0.1743760381
147	0.3296833563	-0.4587029018
148	0.3661783782	0.4535308089
149	-0.3477580815	0.1118578079
151	-0.2892247427	-0.09286683918
152	0.26124661	-0.4165404859
153	0.2996666071	0.4170365535
154	-0.2864223982	0.04107191488
155	-0.003249533195	0.05024498993
156	-0.2382551227	-0.1259515232
157	0.2147757703	-0.2999819692
158	0.2531654477	0.3044733286
159	-0.2430359356	0.07795955775
161	-0.2017225513	-0.06455879476
162	0.1813016031	-0.2995557237
163	0.2188124976	0.3052484803
164	-0.210722066	0.02275328254
165	-0.002898464105	0.04421557454
166	-0.1743196081	-0.09938852967
167	0.1561356261	-0.2188053379
168	0.1923955959	0.2260291736
169	-0.1857250566	0.05944398857
171	-0.1530501203	-0.04884621775
172	0.136591346	-0.2323889669
173	0.171453	0.2396468299
174	-0.1658187289	0.01325641606
175	-0.002606227329	0.03931861729
176	-0.1360955224	-0.08226193521
177	0.121020518	-0.1700853105
178	0.1544486297	0.1780322991
179	-0.1495989537	0.04779439671
181	-0.1222887032	-0.03893670555
182	0.1083569522	-0.1889013891
183	0.1403737139	0.1965199683
184	-0.1361358366	0.007804466799
185	-0.002360485404	0.0352837066
186	-0.1108466495	-0.07017627661
187	0.09788113357	-0.1379096084
188	0.1285379899	0.1458643504
189	-0.1247887365	0.03980775805
191	-0.1012247556	-0.03216488751
192	0.08909047275	-0.1585324128
193	0.1184529264	0.1660522149
194	-0.1151017541	0.004464552754
195	-0.002151984317	0.03191794661
196	-0.09303267757	-0.06114752539
197	0.08162360726	-0.115255062
198	0.1097628801	0.1229433677
199	-0.1067414704	0.03400742743
201	-0.08598346563	-0.02727431757
202	0.0752143066	-0.136192898
203	0.1022026731	0.14343257
204	-0.09945830848	0.002325647504
205	-0.001973659808	0.02908042889
206	-0.07986156638	-0.05413406759
207	0.06966230109	-0.09855363748
208	0.09557047478	0.1058755409
209	-0.09306171133	0.02961714172
211	-0.07450197538	-0.02359669011
212	0.06481414135	-0.119125458
213	0.08970991319	0.1260200604
214	-0.08740360346	0.0009121436479
215	-0.00182005772	0.02666611489
216	-0.06977630166	-0.04852964184
217	0.06055040359	-0.085806836
218	0.08449790919	0.09273689354
219	-0.08236717488	0.0261893771
221	-0.06558318961	-0.02074457291
222	0.0567767993	-0.1057051424
223	0.07983626386	0.1122416664
224	-0.07785901581	-4.302010404e-05
225	-0.00168691697	0.0245952805
226	-0.06184158185	-0.0439540113
227	0.05341796666	-0.07581166606
228	0.0756456432	0.08235750212
229	-0.07380353784	0.02344780566
231	-0.05848591219	-0.01847834152
232	0.05041296906	-0.09491186098
233	0.07186126267	0.101100894
234	-0.07013889149	-0.0006985417033
235	-0.001570857213	0.02280645644
236	-0.05546259651	-0.04015512881
237	0.04771206836	-0.06780265401
238	0.06842967891	0.0739861892
239	-0.06681400901	0.02121251657
241	-0.05272742063	-0.01664210812
242	0.0452742445	-0.08607284314
243	0.06530642999	0.09193528936
244	-0.06378631652	-0.001152759073
245	-0.001469173647	0.02125160734
246	-0.05024359874	-0.03695830881
247	0.04306543603	-0.06127073988
248	0.06245419677	0.06711949863
249	-0.0610200677	0.01936132978
251	-0.04798028927	-0.01513025892
252	0.04105710237	-0.07872632171
253	0.05984145359	0.08428708625
254	-0.05848501616	-0.001468810436
255	-0.001379687035	0.01989272534
256	-0.0459114365	-0.03423834104
257	0.03922517722	-0.05586496403
258	0.05744136595	0.06140760654
259	-0.05615539287	0.01780836151
261	-0.0440148997	-0.01386880964
262	0.03754924483	-0.07254507644
263	0.05523095387	0.07782976426
264	-0.0540091237	-0.001688421109
265	-0.00130062359	0.01869939769
266	-0.04227174778	-0.03190290792
267	0.03601185757	-0.05133600517
268	0.05319044709	0.0566004855
269	-0.05202718054	0.016491496
271	-0.04066568577	-0.01280447365
272	0.03459805221	-0.06729078128
273	0.05130270279	0.07232418252
274	-0.05019307668	-0.001839826947
275	-0.001230527881	0.01764705474
276	-0.03918264983	-0.02988229114
277	0.03329490366	-0.04750221524
278	0.04955283714	0.05251476623
279	-0.04849246701	0.01536472199
281	-0.0378104041	-0.01189795748
282	0.03209121347	-0.06278572695
283	0.04792782001	0.06759123896
284	-0.04691280317	-0.001942449833
285	-0.001168192462	0.01671566284
286	-0.03653828771	-0.02812284145
287	0.03097721949	-0.04422835877
288	0.04641623194	0.0490131769
289	-0.04544306437	0.01439324978
291	-0.03535695489	-0.01111968523
292	0.02994439491	-0.05889507493
293	0.04500800192	0.06349420145
294	-0.04407354206	-0.002009999957
295	-0.00111261336	0.01588877478
296	-0.03425819162	-0.02658263377
297	0.0289852413	-0.04141185927
298	0.04369423907	0.04599104538
299	-0.0427956437	0.01355030819
301	-0.03323473607	-0.01044700644
302	0.02809316394	-0.05551441288
303	0.04246703341	0.05992696397
304	-0.04160173996	-0.002052301591
305	-0.001062959041	0.01515276514
306	-0.03228017428	-0.02522830596
307	0.02726232379	-0.03897363049
308	0.04131936806	0.04336727278
309	-0.04048504639	0.0128149801
311	-0.03138878667	-0.009862312134
312	0.02648754281	-0.05256197019
313	0.04024495951	0.05680600752
314	-0.03943949319	-0.002076282322
315	-0.001018523569	0.01449627994
316	-0.03055548865	-0.02403313129
317	0.02576421614	-0.0368518244
318	0.03923818555	0.04107814815
319	-0.03845964524	0.0121707013
321	-0.02977574389	-0.009351718761
322	0.02508823167	-0.04997277097
323	0.03829401881	0.05406475233
324	-0.03754063308	-0.002087093991
325	-0.0009787031795	0.01390981597
326	-0.0290454616	-0.02297539347
327	0.02445591397	-0.03499748238
328	0.03740790258	0.03907302318
329	-0.03667805348	0.01160421079
331	-0.02836100491	-0.00890415764
332	0.02386396859	-0.04769466823
333	0.03657576535	0.05164955371
334	-0.03586795983	-0.002088516534
335	-0.0009429974609	0.01338537134
336	-0.02771906275	-0.0220372251
337	0.02330943267	-0.03337140984
338	0.03579389599	0.03731117771
339	-0.0351067657	0.01110477944
341	-0.02711667044	-0.008510718188
342	0.0227896379	-0.0456853413
343	0.03505895	0.04951679154
344	-0.03439123264	-0.002083357719
345	-0.000910979658	0.01291615668
346	-0.02655113959	-0.02120401499
347	0.0223021737	-0.03194191174
348	0.03436788753	0.03575960378
349	-0.03371841494	0.01066363672
351	-0.02602004056	-0.00816414768
352	0.02184486195	-0.04391007333
353	0.03371795333	0.04763068537
354	-0.03308564408	-0.002073697317
355	-0.0008822738253	0.01249641994
356	-0.02552116055	-0.02046351439
357	0.02141572663	-0.03068316791
358	0.03310662707	0.03439129703
359	-0.03249047427	0.01027357725
361	-0.02505250975	-0.007858505723
362	0.02101298214	-0.04234044256
363	0.03253163562	0.04596168126
364	-0.03193070146	-0.002061098542
365	-0.0008565661139	0.01212126933
366	-0.02461224943	-0.01980551769
367	0.02063500222	-0.02957399607
368	0.03199087815	0.03318398682
369	-0.0314042953	0.009928648174
371	-0.02419872338	-0.007588906263
372	0.02028030662	-0.0409528184
373	0.03148245113	0.04448525012
374	-0.03090940964	-0.002046731001
375	-0.0008335900558	0.01178650209
376	-0.02381041251	-0.01922143191
377	0.01994754535	-0.02859687556
378	0.0310046072	0.03211931132
379	-0.03044434791	0.009623877973
381	-0.02344593863	-0.007351287259
382	0.019635495	-0.03972747314
383	0.03055574844	0.04318090265
384	-0.03000756362	-0.002031557252
385	-0.0008131067414	0.01148855248
386	-0.02310404403	-0.01870404785
387	0.01934303304	-0.02773729014
388	0.03013442568	0.03118192255
389	-0.02959764994	0.00935511445
391	-0.02278356104	-0.007142265363
392	0.01906913148	-0.03864793461
393	0.02973929156	0.04203149938
394	-0.02921329697	-0.002016215473
395	-0.0007949173379	0.01122434054
396	-0.0224834424	-0.01824725236
397	0.01881286378	-0.02698314454
398	0.02936912103	0.03035908419
399	-0.0288533222	0.009118894862
401	-0.02220272236	-0.006959026949
402	0.01857337183	-0.03770043995
403	0.0290227971	0.04102264525
404	-0.02851663673	-0.00200116306
405	-0.0007788540525	0.01099125286
406	-0.02194051293	-0.01784588157
407	0.01834988374	-0.02632435407
408	0.02869928198	0.02964002613
409	-0.02820224797	0.008912308456
411	-0.02169600363	-0.006799217796
412	0.01814167585	-0.03687341192
413	0.0283976332	0.04014226522
414	-0.02790922929	-0.001986894576
415	-0.0007647628343	0.01078704557
416	-0.02146846918	-0.01749560369
417	0.01794810815	-0.02575248551
418	0.02811699857	0.02901591225
419	-0.02763676113	0.008732902124
421	-0.02125722027	-0.006660861339
422	0.01776858119	-0.03615717035
423	0.02785657899	0.03938022913
424	-0.02738406809	-0.001973634957
425	-0.0007525195165	0.01060981289
426	-0.021061656	-0.01719274349
427	0.01760255623	-0.02526052289
428	0.02761566625	0.02847922101
429	-0.02715045567	0.008578637872
431	-0.02088121642	-0.006542320404
432	0.0174495543	-0.0355435905
433	0.02739360446	0.03872807803
434	-0.02693530604	-0.001961658106
435	-0.0007420252075	0.01045795738
436	-0.02071537767	-0.01693415941
437	0.0173091134	-0.02484265261
438	0.02718979054	0.02802380641
439	-0.02673802099	0.008447823538
441	-0.02056370142	-0.006442239447
442	0.01718084892	-0.03502598705
443	0.02700369669	0.03817880026
444	-0.02655810398	-0.001951101292
445	-0.0007331845676	0.01033012527
446	-0.02042575504	-0.01671739217
447	0.0170643834	-0.02449408254
448	0.02683483179	0.02764460805
449	-0.02639507061	0.008339056766
451	-0.02030117237	-0.006359501752
452	0.01695939998	-0.03459886612
453	0.02668275789	0.03772664823
454	-0.02624850424	-0.001942096408
455	-0.0007259209601	0.01022520814
456	-0.0201896293	-0.01654028486
457	0.01686560548	-0.02421092301
458	0.02654710139	0.02733745438
459	-0.02611803592	0.008251202699
461	-0.02009081684	-0.006293212398
462	0.01678275043	-0.034257787
463	0.02642750359	0.03736700446
464	-0.02600333568	-0.001934798458
465	-0.0007201825296	0.01014230446
466	-0.02000448445	-0.01640121567
467	0.01671060137	-0.02399008853
468	0.02632367495	0.02709908498
469	-0.02590411002	0.008183365991
471	-0.01993041061	-0.006242668304
472	0.01664897804	-0.03399927811
473	0.02623535704	0.03709626081
474	-0.02582012775	-0.001929211062
475	-0.0007159212323	0.01008072269
476	-0.01986839024	-0.0162988457
477	0.01659770372	-0.0238292217
478	0.02616232211	0.02692703644
479	-0.0257511646	0.00813486631
481	-0.01981828179	-0.006207338427
482	0.01655664684	-0.03382072821
483	0.02610440466	0.03691173797
484	-0.0256970585	-0.001925387537
485	-0.0007130972975	0.01003995129
486	-0.01977994881	-0.01623227646
487	0.01652570715	-0.02372662997
488	0.02606145366	0.02681950245
489	-0.0256576844	0.008105225262
491	-0.01975328979	-0.006186862277
492	0.01650478598	-0.0337204244
493	0.02603336805	0.03681164052
494	-0.02563292838	-0.001923352618
495	-0.000711690022	0.01001964685
496	-0.01973825078	-0.01620086067
497	0.01649385061	-0.02368123582
498	0.02602007985	0.02677538814
499	-0.02562275083	0.008094149561
501	-0.01973478071	-0.006181032098
502	0.01649285491	-0.03369732224
503	0.02602155753	0.03679499937
504	-0.02562711456	-0.001923198418
505	-0.0007116900207	0.01001964177
506	-0.01974287278	-0.01620437457
507	0.0165018041	-0.02369256822
508	0.02603779694	0.02679428652
509	-0.02564602847	0.008101529137
511	-0.01976256053	-0.006189783406
512	0.01652072166	-0.03375125
513	0.02606885404	0.03686164481
514	-0.02567955035	-0.001924830097
515	-0.0007130972969	0.01003994662
516	-0.01979387173	-0.01624275319
517	0.01654965527	-0.02376075366
518	0.02611478382	0.0268763352
519	-0.02572774963	0.008127440924
521	-0.0198369047	-0.00621320678
522	0.01658867788	-0.03388269613
523	0.02617571537	0.03701222377
524	-0.02579074794	-0.001928297129
525	-0.0007159212332	0.01008072517
526	-0.01989176193	-0.0163164228
527	0.01663790195	-0.02388649715
528	0.02625178942	0.02702242725
529	-0.02586870782	0.008172138031
531	-0.01995857588	-0.00625154484
532	0.01669744335	-0.03409295162
533	0.02634318922	0.0372482083
534	-0.02596180407	-0.001933528837
535	-0.0007201825218	0.01014230459
536	-0.02003753523	-0.01642604738
537	0.01676747002	-0.0240711089
538	0.02645015351	0.02723400751
539	-0.02607028157	0.008236058262
541	-0.02012882934	-0.006305191519
542	0.01684817035	-0.03438414025
543	0.02657293466	0.03757191537
544	-0.02619440741	-0.001940521862
545	-0.0007259209609	0.01022520531
546	-0.02023270163	-0.01657264024
547	0.01693975115	-0.02431654989
548	0.02671185122	0.02751329554
549	-0.02633448661	0.008319844384
551	-0.02034942721	-0.006374708146
552	0.01704247922	-0.03475916865
553	0.02686724685	0.03798656656
554	-0.02649088731	-0.001949165593
555	-0.0007331845699	0.01033012661
556	-0.02047931019	-0.01675750229
557	0.01715662172	-0.02462546432
558	0.02703952358	0.02786324063
559	-0.02666400292	0.008424347557
561	-0.02062269738	-0.006460834446
562	0.01728250029	-0.03522187411
563	0.02722911725	0.03849636656
564	-0.02685427432	-0.001959421769
565	-0.000742025208	0.01045796311
566	-0.02077999332	-0.01698244651
567	0.0174204748	-0.02500124267
568	0.0274365391	0.02828762132
569	-0.02706221869	0.008550649781
571	-0.02095160758	-0.006564510037
572	0.0175709292	-0.03577714966
573	0.02766232051	0.03910660057
574	-0.02728836689	-0.001971102093
575	-0.0007525195204	0.01060981811
576	-0.02113804262	-0.01724965481
577	0.0177343086	-0.02544811917
578	0.02790708441	0.02879111658
579	-0.02753334403	0.008700097566
581	-0.02133981101	-0.006686899007
582	0.0179110957	-0.03643093472
583	0.02817148593	0.03982375786
584	-0.02779782062	-0.00198413703
585	-0.0007647628333	0.01078704436
586	-0.02155749163	-0.01756174385
587	0.01810180877	-0.02597127861
588	0.02845625699	0.02937943006
589	-0.02808251914	0.008874322472
591	-0.02179173485	-0.00682940648
592	0.01830704075	-0.03719043134
593	0.02876220692	0.04065568746
594	-0.02838826114	-0.001998246964
595	-0.000778854055	0.01099124904
596	-0.0220432249	-0.01792194996
597	0.01852742079	-0.02657699905
598	0.02909020252	0.0300595152
599	-0.02871591411	0.009075291234
601	-0.02231274	-0.006993730878
602	0.01876364788	-0.03806441146
603	0.02944121465	0.04161181451
604	-0.02906644361	-0.002013142092
605	-0.0007949173368	0.01122434243
606	-0.0226011121	-0.01833399703
607	0.0190164958	-0.02727283717
608	0.02981628348	0.03083967162
609	-0.02944090635	0.00930536798
611	-0.02290925707	-0.00718192387
612	0.01928679675	-0.0390631863
613	0.03021655661	0.04270341138
614	-0.02984044978	-0.002028477232
615	-0.0008131067403	0.01148855086
616	-0.02323816958	-0.01880249534
617	0.01957546719	-0.02806784205
618	0.03064327383	0.03172985367
619	-0.03026631758	0.009567362723
621	-0.02358895559	-0.007396425985
622	0.01988351959	-0.04019925442
623	0.03109780355	0.04394388936
624	-0.03071989182	-0.002043758808
625	-0.0008335900549	0.01178650728
626	-0.02396280431	-0.01933272188
627	0.02021204431	-0.02897286593
628	0.0315816328	0.03274192431
629	-0.03120265839	0.009864622701
631	-0.02436102344	-0.007640150423
632	0.02056224807	-0.04148737261
633	0.03209638197	0.04534923195
634	-0.03171624474	-0.00205833174
635	-0.0008565661143	0.01212126682
636	-0.02478505316	-0.01993094561
637	0.02093545659	-0.0300009101
638	0.03264382955	0.03389013729
639	-0.03226243919	0.01020115381
641	-0.02523646307	-0.00791660614
642	0.02133311856	-0.04294525166
643	0.03322591762	0.04693850126
644	-0.03284318745	-0.002071367254
645	-0.0008822738252	0.01249642634
646	-0.02571698252	-0.02060471107
647	0.02175684076	-0.03116762629
648	0.03384477441	0.03519162659
649	-0.03346064399	0.01058174629
651	-0.02622849303	-0.008230013567
652	0.0222083652	-0.04459401387
653	0.03450272502	0.04873453
654	-0.03411713657	-0.002081729374
655	-0.0009109796637	0.01291615496
656	-0.02677308739	-0.02136288248
657	0.02268963327	-0.03249188761
658	0.03520233364	0.03666698996
659	-0.03481524809	0.0110121377
661	-0.02735305625	-0.008585446521
662	0.02320277754	-0.04645916073
663	0.0359464112	0.05076471862
664	-0.03555780504	-0.002087942984
665	-0.0009429974588	0.01338536958
666	-0.02797093222	-0.02221603535
667	0.02375015969	-0.03399662196
668	0.03673805737	0.03834109522
669	-0.03634792898	0.01149926658
671	-0.02862950835	-0.008989079956
672	0.02433439104	-0.0485714853
673	0.03758068587	0.05306218113
674	-0.0371890528	-0.002088003086
675	-0.0009787031801	0.01390982471
676	-0.0293318866	-0.02317682993
677	0.02495838601	-0.03570982845
678	0.03847806944	0.04024448439
679	-0.0380849964	0.01205155856
681	-0.03008148747	-0.009448472823
682	0.02562535063	-0.05096845165
683	0.03943438258	0.05566719434
684	-0.03903994979	-0.002079355079
685	-0.001018523572	0.01449628472
686	-0.03088214233	-0.02426053552
687	0.02633890047	-0.03766595926
688	0.04045425798	0.04241455765
689	-0.04005860554	0.01267930705
691	-0.03173809838	-0.009972924411
692	0.02710303862	-0.0536960407
693	0.0415428496	0.05862908802
694	-0.04114615476	-0.002058376184
695	-0.001062959041	0.0151527622
696	-0.03265411152	-0.02548566715
697	0.02792226957	-0.03990781399
698	0.04270589961	0.04489763896
699	-0.04230839755	0.01339521778
701	-0.0336355119	-0.01057400094
702	0.0288016583	-0.05681113867
703	0.04394982646	0.06200884372
704	-0.04355183383	-0.00202025586
705	-0.001112613361	0.01588877594
706	-0.03468827513	-0.02687488157
707	0.02974688943	-0.04248908212
708	0.04528182551	0.04775177933
709	-0.04488373099	0.01421512243
711	-0.03581914564	-0.01126624903
712	0.03076441489	-0.06038488762
713	0.04670997628	0.06588264077
714	-0.04631228533	-0.001958430127
715	-0.001168192462	0.01671566516
716	-0.03703574589	-0.02845600675
717	0.03186152686	-0.04547788354
718	0.04824340591	0.05105047222
719	-0.04784673665	0.0151589596
721	-0.03834672086	-0.01206816923
722	0.03304654238	-0.06450729136
723	0.04989242853	0.0703467484
724	-0.04949755608	-0.001863725993
725	-0.001230527881	0.01764705174
726	-0.03976192023	-0.03026397152
727	0.03432895004	-0.04896181611
728	0.05166877461	0.05488817547
729	-0.05127664495	0.01625218328
731	-0.0412926045	-0.01300362082
732	0.03571965445	-0.06929375935
733	0.05358581033	0.07552447602
734	-0.0531976055	-0.001723424521
735	-0.001300623585	0.01869939426
736	-0.04295169687	-0.03234283939
737	0.03723119266	-0.05305521836
738	0.05565885491	0.05938767455
739	-0.05527601119	0.01752776656
741	-0.04475411232	-0.01410386089
742	0.03887811217	-0.07489459989
743	0.0579055203	0.08157625051
744	-0.05752982768	-0.001519390215
745	-0.001379687035	0.01989272481
746	-0.04671713716	-0.034748997
747	0.0406773062	-0.05790990027
748	0.0603461916	0.06471197806
749	-0.05997983994	0.01902914928
751	-0.04886091233	-0.01541058071
752	0.04264855961	-0.08150913632
753	0.06300454862	0.08871457397
754	-0.06265024985	-0.001225437075
755	-0.001469173638	0.0212516068
756	-0.05120905631	-0.03755606765
757	0.04481515061	-0.06373146292
758	0.06590829212	0.07108133001
759	-0.06556940874	0.02081472299
761	-0.05378941535	-0.01698056956
762	0.04720463495	-0.08940708629
763	0.06909002181	0.09722688263
764	-0.06877072346	-0.0008030744309
765	-0.001570857213	0.02280645301
766	-0.05663505206	-0.04086200259
767	0.04984988984	-0.07080483835
768	0.07258834346	0.07880050841
769	-0.07229385366	0.02296481367
771	-0.05978553204	-0.01889307947
772	0.05279039495	-0.09896281196
773	0.07644937707	0.1075116829
774	-0.07618624001	-0.0001943069749
775	-0.001686916972	0.0245952775
776	-0.063288539	-0.0448002965
777	0.05607398672	-0.07953569779
778	0.08072860333	0.08830313815
779	-0.08050510206	0.02559299617
781	-0.06720210613	-0.02126194757
782	0.05975912201	-0.1107106745
783	0.08549344425	0.1201379862
784	-0.08532011514	0.0006907029995
785	-0.001820057699	0.0266661172
786	-0.07159750653	-0.04955830794
787	0.0639179739	-0.09052050146
788	0.09082660546	0.1002262965
789	-0.09071699124	0.02886526814
791	-0.07656324744	-0.02425646585
792	0.06864060306	-0.125441238
793	0.09683072718	0.135947768
794	-0.09680238398	0.001995592156
795	-0.001973659806	0.02908043005
796	-0.08221055552	-0.05540877286
797	0.07404081156	-0.1046710929
798	0.1036347611	0.1155442291
799	-0.1037107332	0.03303425597
801	-0.08868112159	-0.02813926439
802	0.08026435452	-0.144375301
803	0.1114030692	0.156242975
804	-0.1116139765	0.003960167525
805	-0.002151984318	0.03191794367
806	-0.09615817156	-0.062766905
807	0.0875008621	-0.1234503531
808	0.1203484719	0.1358221471
809	-0.1207356484	0.03850436086
811	-0.1048828282	-0.03333993636
812	0.09600143038	-0.1695035446
813	0.1307516993	0.1831520609
814	-0.1313719274	0.00700596655
815	-0.002360485405	0.03528371137
816	-0.1151787184	-0.07230384451
817	0.1061053756	-0.149353647
818	0.1429909414	0.163738323
819	-0.1439238784	0.0459664001
821	-0.12749034	-0.04061087267
822	0.1182822004	-0.204308748
823	0.1575884198	0.2204167094
824	-0.1589486281	0.01192730815
825	-0.002606227328	0.03931862603
826	-0.142444992	-0.0851933813
827	0.1331998744	-0.1869959194
828	0.175286676	0.2042751641
829	-0.1772438924	0.05670725084
831	-0.160956864	-0.05139631497
832	0.1518408969	-0.255493887
833	0.1971790686	0.2752967901
834	-0.1999941514	0.02037041044
835	-0.002898464104	0.04421557277
836	-0.1844114861	-0.1037289212
837	0.1757101943	-0.2459232492
838	0.2249461023	0.2678461389
839	-0.2290386218	0.07343432411
841	-0.215012862	-0.06885430919
842	0.2072323135	-0.3378457041
843	0.2613128417	0.3640347529
844	-0.267398204	0.03625834149
845	-0.003249533195	0.05024498822
846	-0.2564900946	-0.1331940732
847	0.2505746782	-0.34946731
848	0.3110142332	0.3803821912
849	-0.3204101529	0.1029995932
851	-0.3156875738	-0.1014374683
852	0.3135454429	-0.4917708747
853	0.383075949	0.5321915011
854	-0.3984830269	0.07133716429
855	-0.00367618368	0.05779678303
856	-0.4066667058	-0.1895799363
857	0.4126558803	-0.5731644664
858	0.4971189021	0.6290469581
859	-0.5250160813	0.1693296814
861	-0.5635982155	-0.1818317184
862	0.5898678781	-0.8817220808
863	0.7054221821	0.9765558869
864	-0.765914556	0.1811445866
865	-0.004201579878	0.06745232455
866	-0.8966317813	-0.3585134512
867	0.9921509315	-1.371526187
868	1.209534778	1.599932149
869	-1.406675557	0.4556119013
871	-2.066796516	-0.6700556366
872	2.746633092	-3.862736998
873	4.226027056	5.82311631
874	-8.441995637	2.66273844
875	-0.004858509729	-9.406718315
876	8.4861687	2.677330184
877	-4.291566031	5.89993887
878	-2.805237635	-3.938773969
879	2.106658767	-0.6861741534
881	1.45515019	0.4745403372
882	-1.282238266	1.665865623
883	-1.043829537	-1.429124122
884	0.9320355481	-0.3999393571
885	-0.005694628554	0.09725998186
886	0.818819906	0.1686260951
887	-0.7857533103	1.07339103
888	-0.6343980744	-0.9685479605
889	0.5942443015	-0.1950617839
891	0.5826329736	0.1913593728
892	-0.5858079895	0.6842180571
893	-0.4495516673	-0.6097541301
894	0.432075901	-0.2611684134
895	-0.006781314756	0.12146531
896	0.4612737545	0.02768997238
897	-0.481183992	0.6526066352
898	-0.3419943132	-0.5915822529
899	0.3351512221	-0.1112721037
901	0.3890716407	0.1288855606
902	-0.4200393397	0.4223963481
903	-0.2693290791	-0.3598213106
904	0.2689884128	-0.2432769111
905	-0.008229408276	0.1576430882
906	0.3429524688	-0.04808210839
907	-0.3833662312	0.5158538199
908	-0.2144261132	-0.4552272709
909	0.2190796854	-0.07409027282
911	0.312987653	0.1047313238
912	-0.363049454	0.2912317061
913	-0.1685414848	-0.2185366688
914	0.1779025031	-0.2700088233
915	-0.01021862384	0.2163988399
916	0.2945953672	-0.1251822651
917	-0.3557909748	0.47496992
918	-0.1259970347	-0.3999953188
919	0.140630146	-0.04934174268
920	-0.01150446003	3.822907636e-09
921	0.2860308311	0.09676829831
922	-0.3613005182	0.1964354841
923	-0.0817383652	-0.09543735913
924	0.1031396741	-0.3482609769
925	-0.01305605919	0.3254613402
926	0.2878050121	-0.2437183703
927	-0.3824126981	0.507396182
928	-0.0292237451	-0.3991353883
929	0.06033391561	-0.024328184
930	-0.01495199092	-1.903789393e-08
931	0.3035886054	0.103639657
932	-0.427509208	0.08937038594
933	0.04353939803	0.08236025416
934	0.003009697884	-0.5521195664
935	-0.01730218962	0.5868721119
936	0.3444520236	-0.5163203771
937	-0.5197933362	0.6901051057
938	0.16669981	-0.4967045539
939	-0.09268552043	0.02374267018
940	-0.02026422258	-3.147774135e-09
941	0.4482832399	0.1524627144
942	-0.7422973828	-0.1765074532
943	0.4547853026	0.6568270194
944	-0.3274475797	-1.4871701
945	-0.02407042439	1.920640333
946	0.8461201626	-2.139978439
947	-1.734140079	2.351186788
948	2.164799769	-1.920956221
949	-2.80295655	0.9016526112
950	3.133202801	4.168706532e-09
951	-2.864924734	-0.9210371603
952	2.257669079	1.981492362
953	-1.826403561	-2.4685824
954	0.8842536522	2.319523429
955	-0.03583876032	-2.115794349
956	-0.4139094284	1.659083189
957	0.5483249285	-0.8086963661
958	-0.8350696117	0.2715159333
959	0.4613931534	-0.1639275329
960	-0.04529497508	-4.57345603e-10
961	-0.206255906	-0.05153899798
962	0.2597678239	0.5232956691
963	-0.6155155617	-0.774377154
964	0.3290917394	0.7076282523
965	-0.05908777694	-0.7861527612
966	-0.1429272786	0.7195222116
967	0.1330813963	-0.2746137973
968	-0.5308430615	0.04522776009
969	0.2528588818	-0.106610524
970	-0.08033902119	-1.381738669e-08
971	-0.1275957023	-0.01352875564
972	0.05001265748	0.3875392523
973	-0.5024564473	-0.5551337519
974	0.1884588495	0.4525720923
975	-0.1155835196	-0.5335238173
976	-0.1449829181	0.5134876963
977	-0.02800163087	-0.1493569999
978	-0.517380666	-0.01079843805
979	0.1109389802	-0.08923875895
980	-0.1804655743	-7.83864575e-10
981	-0.2060407804	-0.001983502257
982	-0.1352355286	0.3388242089
983	-0.5951735877	-0.4755199436
984	-0.02070989957	0.3604007007
985	-0.3206429893	-0.4391361419
986	-0.365726418	0.4343221677
987	-0.352552957	-0.1022100549
988	-0.8317465712	-0.03148597521
989	-0.343573219	-0.08202914766
990	-0.7211500786	-2.028618925e-09
991	-0.8828358951	0.002409989856
992	-1.060334636	0.3186006025
993	-1.793659009	-0.4434304476
994	-1.755343525	0.3248044332
995	-2.88388862	47.03078135
996	-4.495889744	0.4051764129
997	-7.947912667	-0.08597899689
998	-18.3413194	-118.6234986
999	-71.84607794	-0.07974998739
